4
20
8
4
0
1
5
0
2
2
5
11
8
1
5
9
6
4
8
9
5
6
6
2
14
7
4
3
8
10
4
11
3
5
10
4
4
11
14
5
16
27
9
9
10
10
6
8
6
10
4
23
4
7
8
10
47
8
9
10
10
15
5
9
20
15
8
6
19
3
8
9
10
15
4
4
7
4
6
5
4
33
4
2
8
4
4
0
13
2
7
13
3
6
5
7
10
8
12
2
35
33
27
2
15
5
3
5
6
10
10
30
3
6
4
3
3
11
10
1
12
10
4
7
6
1
5
1
4
5
5
4
4
5
2
3
3
5
2
0
7
25
2
7
7
3
11
4
5
10
8
8
17
2
7
1
2
5
2
6
5
9
7
2
9
4
5
9
6
6
11
6
11
9
8
7
3
5
7
2
1
7
6
2
8
6
2
4
7
12
4
3
4
1
4
6
5
7
8
12
3
4
7
4
12
3
3
4
7
3
3
4
6
3
1
1
9
8
6
6
4
1
1
6
6
6
2
3
4
1
2
3
2
2
7
5
7
12
12
0
8
1
1
2
12
5
1
1
4
8
8
2
2
1
12
1
2
2
4
0
8
5
8
3
4
3
4
6
5
0
0
3
8
1